   0.0290023090
   0.0243518719
  -0.0041474208
   0.0180519487
   0.0268124730
   0.0294198161
   0.0284260068
   0.0124074527
   0.0082494573
   0.0133296156
   0.0302997915
   0.0224501415
  -0.0011291769
   0.0032501630
   0.0443449535
   0.0232433875
   0.0149947647
   0.0071864307
  -0.0088265113
  -0.0097374689
  -0.0237832021
  -0.0098462509
  -0.0077395203
  -0.0316140708
  -0.0272705231
  -0.0272160148
  -0.0362763345
  -0.0151429832
  -0.0340731359
  -0.0177687165
  -0.0252723490
  -0.0061374962
   0.0045141401
  -0.0127241608
   0.0025684571
  -0.0035396975
   0.0122683045
   0.0044809443
   0.0004038318
   0.0037727881
   0.0021704954
   0.0077203078
   0.0014931061
   0.0045647552
  -0.0045673824
  -0.0040785797
   0.0001917996
   0.0081608566
  -0.0257314780
  -0.0297495729
  -0.0083488097
  -0.0335148714
  -0.0403882688
  -0.0284377013
  -0.0369393507
  -0.0464055262
  -0.0437613657
  -0.0294658794
  -0.0435286170
  -0.0478365895
  -0.0438688328
  -0.0277555092
  -0.0454235441
  -0.0430834586
  -0.0280769885
  -0.0281653526
  -0.0380492912
  -0.0195947332
   0.0022314723
   0.0032114625
  -0.0012966695
   0.0159066776
   0.0004941531
   0.0025623355
   0.0102841089
  -0.0015277136
   0.0161124614
   0.0045500445
  -0.0202720117
  -0.0266081183
  -0.0421321737
  -0.0351891208
  -0.0438192540
  -0.0518205879
  -0.0507558547
  -0.0506722362
  -0.0549715981
  -0.0548847740
  -0.0490871917
  -0.0474406110
  -0.0537141638
  -0.0529463336
  -0.0411712297
  -0.0339641423
  -0.0470043388
  -0.0421346286
  -0.0190044744
  -0.0307429230
   0.0033891843
   0.0191546063
   0.0036119074
   0.0033513906
   0.0025806914
   0.0106862297
   0.0049667725
  -0.0052647485
  -0.0026996133
   0.0039743495
   0.0017130280
   0.0054269463
  -0.0013018632
   0.0197153157
   0.0226557711
   0.0239998363
   0.0185668730
   0.0112757917
   0.0156499170
   0.0261821858
   0.0024557329
  -0.0151414571
   0.0046051700
   0.0184056207
  -0.0040739054
   0.0298152326
   0.0349418042
   0.0311635748
   0.0357264859
   0.0454824470
   0.0309419526
   0.0357941354
   0.0473230547
   0.0295546887
   0.0363401263
  -0.0010072470
   0.0194191524
   0.0247992433
  -0.0202277737
   0.0043568656
   0.0182830096
   0.0221138038
   0.0235679065
   0.0175235141
   0.0095188058
   0.0147222603
   0.0187976136
   0.0394287611
   0.0296423738
   0.0472110531
   0.0384271850
   0.0290624486
   0.0113456920
   0.0451677364
   0.0373541604
   0.0278729924
   0.0084507916
   0.0357835077
   0.0264660236
   0.0059587201
   0.0054637667
   0.0060658358
   0.0073601381
   0.0003459683
   0.0027924401
   0.0087336760
   0.0050356720
  -0.0070116672
  -0.0301774382
   0.0028682235
  -0.0161738702
  -0.0014680674
   0.0017061530
   0.0091315350
  -0.0251193900
   0.0027932980
   0.0097476338
  -0.0081257784
   0.0014430736
   0.0039788680
  -0.0178742014
   0.0082505247
   0.0089525620
   0.0042004494
  -0.0091954659
  -0.0317687035
   0.0057023793
   0.0069688038
   0.0072915880
  -0.0004900626
   0.0020461483
   0.0063724233
   0.0025140964
  -0.0000295616
   0.0020784919
  -0.0030292312
   0.0026488317
   0.0019926056
  -0.0198353818
  -0.0034245325
   0.0030259793
   0.0033063164
  -0.0100221062
   0.0027530730
  -0.0093310164
  -0.0281005915
  -0.0058532977
   0.0026324370
   0.0030855917
   0.0011154624
   0.0011473464
  -0.0073831201
   0.0013897667
   0.0029054519
   0.0022351949
  -0.0047647315
   0.0046409378
  -0.0000951437
  -0.0180720205
   0.0053674665
   0.0002991006
  -0.0159371202
  -0.0191031441
  -0.0030881024
   0.0240917850
   0.0200302861
   0.0250606625
   0.0151850642
   0.0220467185
   0.0221075368
   0.0232469618
   0.0118038901
   0.0074129987
   0.0184671082
   0.0078927162
   0.0108356993
   0.0235167747
   0.0169375970
   0.0007548803
   0.0021337618
   0.0320073652
   0.0175517782
   0.0104838672
   0.0053582029
  -0.0047633796
  -0.0050908958
  -0.0145380097
  -0.0069543123
  -0.0039148507
  -0.0197424562
  -0.0179609430
  -0.0125599334
  -0.0241749324
  -0.0146438729
  -0.0246455695
  -0.0102847335
  -0.0219567133
  -0.0110989784
  -0.0159131269
  -0.0051388777
   0.0018262804
  -0.0079090385
   0.0015131135
  -0.0035183384
   0.0069840857
   0.0022730226
  -0.0012644956
   0.0020670977
   0.0029445261
   0.0048239187
   0.0040707051
   0.0043564529
   0.0023038367
   0.0012245392
  -0.0030608848
  -0.0052263214
  -0.0003793745
   0.0100491036
  -0.0107476344
   0.0039655922
  -0.0180750481
  -0.0194434274
  -0.0051586073
  -0.0242850175
  -0.0290184680
  -0.0279699867
  -0.0348040858
  -0.0317138086
  -0.0350761710
  -0.0368087253
  -0.0315996214
  -0.0344303832
  -0.0365600421
  -0.0313663526
  -0.0335588871
  -0.0310970508
  -0.0185521956
  -0.0199852882
  -0.0269177170
  -0.0137513011
   0.0017992349
   0.0008447818
  -0.0035164134
   0.0094350789
  -0.0009503090
   0.0019595564
   0.0051096910
  -0.0103074191
  -0.0025705754
   0.0090655867
  -0.0117931320
   0.0004323488
  -0.0146440088
  -0.0184610001
  -0.0304099164
  -0.0246843173
  -0.0308377437
  -0.0392002665
  -0.0377681741
  -0.0321768978
  -0.0417277152
  -0.0437640681
  -0.0413601420
  -0.0343428878
  -0.0426203910
  -0.0444600581
  -0.0423559700
  -0.0346636872
  -0.0416125903
  -0.0406558368
  -0.0244183989
  -0.0351250407
  -0.0310849791
  -0.0149715730
  -0.0227893859
   0.0029792011
   0.0023922602
   0.0106877564
   0.0014765460
   0.0028473842
   0.0006994911
   0.0078090850
   0.0078048251
   0.0045677182
   0.0060028513
   0.0027537416
  -0.0063291992
  -0.0038663699
   0.0010267876
   0.0025060162
   0.0008922228
   0.0024839746
  -0.0023156954
   0.0158070983
   0.0185730083
   0.0202415229
   0.0173088801
   0.0119611443
   0.0086447208
   0.0135818164
   0.0212607243
  -0.0062249894
  -0.0058334022
   0.0066243365
   0.0156369493
  -0.0138201023
   0.0066236586
   0.0179126312
   0.0257359567
   0.0287454602
   0.0264931061
   0.0296725659
   0.0355679844
   0.0267885536
   0.0298313771
   0.0355111302
   0.0258638257
   0.0263272443
   0.0298087226
   0.0371414894
   0.0257751579
   0.0296109891
  -0.0126722047
   0.0072361226
   0.0172254564
   0.0203186273
   0.0240532710
  -0.0089489084
   0.0060311827
   0.0152466929
   0.0179203972
   0.0196137596
   0.0163886844
   0.0108835889
   0.0070038059
   0.0127334539
   0.0148939343
   0.0322812307
   0.0255905315
   0.0396371114
   0.0322268474
   0.0250670768
   0.0134475322
   0.0419170335
   0.0340907251
   0.0280411253
   0.0192749362
   0.0367785662
   0.0305599664
   0.0233149920
   0.0101246858
   0.0286964011
   0.0223706573
   0.0034201331
   0.0032812251
   0.0036752544
   0.0048680710
   0.0020952759
  -0.0020991201
   0.0020545302
   0.0059177713
   0.0046061354
  -0.0009458469
  -0.0123145509
   0.0072072004
   0.0032887431
  -0.0049093353
  -0.0229677876
  -0.0056231239
   0.0030241391
  -0.0043672531
   0.0044425520
  -0.0111175749
   0.0025771707
   0.0070961561
  -0.0021110150
   0.0053647291
  -0.0018492900
   0.0033938702
  -0.0060667720
  -0.0264594500
   0.0045375180
   0.0061620738
   0.0043166569
  -0.0020942659
  -0.0141928846
   0.0036626458
   0.0044089490
   0.0050918115
   0.0016147368
  -0.0028598140
   0.0014778312
   0.0035720909
   0.0003241308
  -0.0013394408
   0.0004841194
  -0.0029368990
  -0.0019784406
   0.0009074193
  -0.0003396651
  -0.0194336117
  -0.0088494489
  -0.0013144790
   0.0013095760
   0.0002216207
  -0.0191685141
  -0.0056425821
   0.0004498986
  -0.0227827530
  -0.0064052742
   0.0005046488
  -0.0130791768
  -0.0027249317
   0.0011231628
   0.0004126266
  -0.0002477467
  -0.0000531154
  -0.0063510458
  -0.0044938413
   0.0004202913
   0.0004914306
  -0.0001641978
  -0.0088694571
   0.0004808513
  -0.0050264762
  -0.0219351260
  -0.0002235392
  -0.0078993781
   0.0011886145
  -0.0039960096
  -0.0180913842
  -0.0152800877
  -0.0062070392
   0.0204987551
   0.0170167282
   0.0211622520
   0.0184986284
   0.0020625584
   0.0132972238
   0.0189271043
   0.0222120521
   0.0234595622
   0.0269225745
   0.0194653836
   0.0108746239
   0.0066925290
   0.0152963169
   0.0073240663
   0.0094324996
   0.0191497510
   0.0137067465
   0.0022026222
   0.0025220019
   0.0245481719
   0.0126614414
   0.0139825036
   0.0081517095
   0.0046350335
  -0.0020676942
  -0.0019236105
  -0.0087710784
  -0.0045218653
  -0.0012567971
  -0.0122751607
  -0.0118485316
  -0.0070201425
  -0.0158506777
  -0.0008139683
  -0.0145060403
  -0.0156964939
  -0.0097372646
  -0.0164598887
  -0.0065293044
  -0.0142348938
  -0.0104225241
  -0.0066541981
  -0.0100842969
  -0.0036931656
   0.0014891150
  -0.0047207235
   0.0014041121
  -0.0025232718
   0.0045370295
   0.0019806896
  -0.0012429644
   0.0014797715
   0.0034012928
   0.0035719121
   0.0031808000
   0.0036526973
   0.0026799253
  -0.0000319645
  -0.0016663044
  -0.0050092182
  -0.0002943437
   0.0063590261
  -0.0074984870
   0.0019920371
  -0.0128727308
  -0.0123873871
  -0.0183584589
  -0.0219555251
  -0.0237862612
  -0.0272671788
  -0.0229813338
  -0.0284139380
  -0.0285984281
  -0.0225601072
  -0.0279523684
  -0.0284028580
  -0.0224036987
  -0.0215138452
  -0.0263465223
  -0.0226739993
  -0.0124060889
  -0.0149658096
  -0.0203590789
  -0.0098662609
   0.0010412786
  -0.0002947912
  -0.0039243216
   0.0058227707
  -0.0013923710
   0.0010457020
   0.0024221061
  -0.0076223348
  -0.0028382401
   0.0051633002
  -0.0096661227
  -0.0014100261
  -0.0132961302
  -0.0237074132
  -0.0186104281
  -0.0291936984
  -0.0318086648
  -0.0268599648
  -0.0306729709
  -0.0352069680
  -0.0352264021
  -0.0305177881
  -0.0317611006
  -0.0358975144
  -0.0359568200
  -0.0317602151
  -0.0316717513
  -0.0340257737
  -0.0303120210
  -0.0179268336
  -0.0277567669
  -0.0241461861
  -0.0173773165
   0.0023051622
   0.0011151136
   0.0064747624
   0.0008235633
   0.0020483089
   0.0000300105
   0.0029264296
   0.0055388489
   0.0062220104
   0.0052018736
   0.0017919239
   0.0054981470
   0.0040452658
   0.0017624048
  -0.0060203643
  -0.0041273993
   0.0005334687
  -0.0097704756
  -0.0019590743
   0.0006371490
   0.0008238674
   0.0006214464
  -0.0031828157
  -0.0097272735
  -0.0024977875
   0.0131093522
   0.0159820950
   0.0180182005
   0.0149102921
   0.0093294605
   0.0058219969
   0.0107257396
   0.0188219380
  -0.0053981942
   0.0058458826
   0.0135694987
  -0.0105283349
   0.0062364341
   0.0228138043
   0.0255017712
   0.0232436079
   0.0257783495
   0.0303948247
   0.0234456649
   0.0259178303
   0.0304506067
   0.0231779348
   0.0259205602
   0.0315029400
   0.0263061094
  -0.0093627929
   0.0066095824
   0.0151676677
   0.0178499124
  -0.0075839771
   0.0053378967
   0.0130789386
   0.0152827433
   0.0173386260
   0.0139543060
   0.0082896636
   0.0042201537
   0.0098629198
   0.0122111871
   0.0282063753
   0.0216589943
   0.0282784285
   0.0222616739
   0.0134671693
   0.0298711765
   0.0245145870
   0.0175461758
   0.0050664804
   0.0324297712
   0.0266986109
   0.0206934912
   0.0109066193
   0.0185965753
   0.0018848118
   0.0023405950
   0.0032064593
   0.0002685157
  -0.0036913813
   0.0009087473
   0.0043345108
   0.0037698075
   0.0003889055
  -0.0070604100
  -0.0191222058
   0.0034866662
  -0.0018954764
  -0.0127700921
  -0.0062292159
  -0.0082137598
   0.0015323885
  -0.0007995453
   0.0043567168
  -0.0054975897
   0.0025240425
  -0.0026074619
   0.0039029811
  -0.0022433614
  -0.0146932545
   0.0045431122
   0.0037343363
  -0.0002536408
  -0.0085262932
  -0.0210106975
   0.0023089772
   0.0029435844
   0.0033189550
  -0.0002531791
  -0.0045662502
   0.0000657322
   0.0018577659
  -0.0009252357
  -0.0024232382
  -0.0002873726
  -0.0040606626
  -0.0034435358
  -0.0005582258
  -0.0014713538
  -0.0150263176
  -0.0061783281
  -0.0013367899
   0.0000410587
  -0.0125605831
  -0.0039120086
   0.0001625756
  -0.0142619643
  -0.0041383334
  -0.0214479959
  -0.0086913888
  -0.0021438360
  -0.0000331739
  -0.0011959019
  -0.0013116511
  -0.0009462273
  -0.0075056534
  -0.0059302011
  -0.0011210079
  -0.0007863645
  -0.0015287025
  -0.0092906413
  -0.0016943416
  -0.0078764063
   0.0006970558
  -0.0027505684
  -0.0108887485
  -0.0010271671
  -0.0065723882
  -0.0201588079
  -0.0065947852
   0.0175486350
   0.0145745246
   0.0181468152
   0.0207275871
   0.0224876101
   0.0194646767
   0.0160518873
   0.0030860409
   0.0116032946
   0.0163847988
   0.0116812831
   0.0163201148
   0.0188886825
   0.0198428888
   0.0218201736
   0.0164286306
   0.0098002385
   0.0045257857
   0.0060754716
   0.0128237723
   0.0066325222
   0.0084213920
   0.0160036118
   0.0115324268
   0.0030798904
   0.0215014329
   0.0141991144
   0.0030659891
   0.0195230882
   0.0168887467
   0.0095667270
   0.0114839667
   0.0067667723
   0.0042506686
  -0.0003510246
   0.0000824571
  -0.0051385628
  -0.0027534805
   0.0005150423
  -0.0075141104
  -0.0078079508
  -0.0011163500
  -0.0094798842
  -0.0097081491
  -0.0076153304
  -0.0115088162
   0.0031316435
  -0.0084134944
  -0.0115452119
  -0.0043475853
  -0.0107159909
  -0.0038580176
  -0.0092667200
  -0.0070284246
  -0.0037775232
  -0.0064022239
  -0.0024793950
   0.0016355260
  -0.0026619339
   0.0014793927
  -0.0015482844
   0.0031563869
   0.0020238670
  -0.0008792565
   0.0012091158
   0.0034864503
   0.0027917432
   0.0028452630
   0.0052948909
   0.0034321010
   0.0026528037
  -0.0004515456
  -0.0006757624
  -0.0044438871
  -0.0000997400
   0.0041688333
  -0.0054405954
   0.0009687773
  -0.0093120513
  -0.0081899615
  -0.0139011953
  -0.0161077304
  -0.0196795606
  -0.0205752246
  -0.0158740796
  -0.0187351919
  -0.0229070981
  -0.0218021785
  -0.0154154187
  -0.0212618608
  -0.0236177942
  -0.0215361994
  -0.0147200393
  -0.0223371578
  -0.0215614609
  -0.0153619306
  -0.0180442838
  -0.0198091272
  -0.0158279587
  -0.0084469869
  -0.0112608041
  -0.0148362273
   0.0003034804
  -0.0009852474
  -0.0037945865
   0.0035580116
  -0.0016227453
   0.0001660415
   0.0009112102
  -0.0059777813
  -0.0028871368
   0.0028127349
  -0.0080980482
  -0.0022450289
  -0.0100980926
  -0.0178457772
  -0.0140173156
  -0.0191772711
  -0.0242938110
  -0.0237490036
  -0.0267230835
  -0.0286426007
  -0.0269163653
  -0.0235383696
  -0.0286096884
  -0.0302278481
  -0.0292701317
  -0.0250835541
  -0.0218928933
  -0.0279799950
  -0.0297484001
  -0.0283318548
  -0.0220164015
  -0.0266255349
  -0.0264087989
  -0.0211055966
  -0.0138985182
  -0.0215161622
  -0.0187834349
  -0.0136509752
   0.0016345017
   0.0003049813
   0.0040925295
   0.0005525612
   0.0012462955
  -0.0002431856
   0.0017101284
   0.0038059232
   0.0041128504
   0.0024406178
   0.0044301459
   0.0040846232
   0.0020216887
  -0.0032530440
  -0.0148517737
   0.0031872128
   0.0040197225
  -0.0004873077
   0.0028171875
   0.0011462599
  -0.0054072842
  -0.0041330449
  -0.0052979875
  -0.0010526011
  -0.0014570336
  -0.0003594525
  -0.0180153496
  -0.0066265597
  -0.0018120123
  -0.0003926099
  -0.0007728539
  -0.0034240269
  -0.0079900222
  -0.0025231329
   0.0111137506
   0.0136223255
   0.0154493595
   0.0127823622
   0.0080163853
   0.0052797551
   0.0090757212
   0.0159770230
  -0.0027967215
   0.0052379425
   0.0114996999
  -0.0042038667
   0.0065673623
   0.0135357032
   0.0223388037
   0.0205600752
   0.0225926188
   0.0260435474
   0.0207675209
   0.0227354725
   0.0260907758
   0.0207507484
   0.0227722870
   0.0263499871
   0.0205798173
   0.0228005834
   0.0271117176
  -0.0074095490
  -0.0042545645
   0.0064768731
   0.0128923925
   0.0151439217
  -0.0048021263
   0.0045246868
   0.0109317764
   0.0128992605
   0.0147291714
   0.0118616524
   0.0070227898
   0.0039198692
   0.0082023413
   0.0102381374
   0.0184004435
   0.0241574182
   0.0188040550
   0.0113119536
   0.0266969319
   0.0219588229
   0.0164403430
   0.0077788912
   0.0259922407
   0.0213696749
   0.0157299252
   0.0065110267
   0.0269948513
   0.0223049378
   0.0169133132
   0.0008901878
   0.0015266049
   0.0019277558
  -0.0005596645
  -0.0033010481
   0.0001792035
   0.0029005960
   0.0024028497
  -0.0004217067
  -0.0061161581
  -0.0138402423
   0.0031178104
   0.0000963357
  -0.0057538456
  -0.0167734746
  -0.0003677638
  -0.0081924917
  -0.0052799404
  -0.0074761959
   0.0003181625
  -0.0035645982
   0.0019685062
  -0.0028353693
   0.0023195806
  -0.0046832241
   0.0014714582
   0.0032907458
  -0.0001398577
  -0.0067931744
  -0.0191835093
   0.0031114713
   0.0023341162
  -0.0009728839
  -0.0072862033
  -0.0153553132
   0.0014309967
   0.0019708322
   0.0019572164
  -0.0010428858
  -0.0041346269
  -0.0006386805
   0.0007415593
  -0.0016814590
  -0.0009945944
  -0.0038230932
  -0.0036685057
  -0.0015155650
  -0.0020369303
  -0.0115909220
  -0.0057161992
  -0.0020591365
  -0.0009942276
  -0.0158875187
  -0.0071015189
  -0.0025142474
  -0.0005171859
  -0.0099314032
  -0.0198743860
  -0.0084966848
  -0.0029251521
  -0.0006472769
  -0.0168016170
  -0.0080369097
  -0.0028982346
  -0.0010763656
  -0.0018694382
  -0.0017536945
  -0.0017325741
  -0.0066416748
  -0.0058255771
  -0.0021175677
  -0.0015407597
  -0.0023384220
  -0.0089203291
  -0.0028865574
  -0.0083564379
  -0.0012427596
  -0.0049151571
  -0.0131045050
  -0.0009945142
  -0.0045287705
  -0.0121920409
  -0.0067495563
  -0.0167681475
