   3.9653794935    0.9549302324    2.1616905578
   2.9153794935    0.9549302324    2.1616905578
   3.6935065221   -2.0390850772    0.3430372098
   4.6333154617   -1.6826625600    0.3430372098
   5.2998371474   -0.9303151029    0.3430372098
   5.2590328415    0.0456035584   -0.7069627902
   3.9653794935    0.9549302324   -1.4756161381
   2.1555389408    0.7064933980    2.3034942923
   2.1555389408    0.7064933980   -1.8965057077
   1.9150099546    2.0129459221    2.2544378045
   2.9650099546    2.0129459221    1.9730911525
   2.4400099546    2.9222725961    1.9730911525
   1.3900099546    2.9222725961    1.9730911525
   1.6561885975    3.8130880012    1.2044378045
   3.7336633025    2.0129459221   -0.8955621955
   2.9650099546    2.0129459221   -1.6642155434
   2.4400099546    2.9222725961   -1.6642155434
   1.9150099546    2.0129459221   -1.9455621955
   0.6488703897    2.3216217133    2.1200182028
   1.1738703897    3.2309483872    1.8386715507
   0.1238703897    3.2309483872    1.8386715507
  -0.4011296103    2.3216217133    1.8386715507
   1.4043662939    3.9759269870    1.0700182028
   0.3900490326    4.1217637924    1.0700182028
  -0.5420942766    3.6960682069    1.0700182028
   0.9019974182    4.4063103489    0.0200182028
  -0.0957998731    4.2851558229    0.0200182028
   1.4043662939    3.9759269870   -1.0299817972
   0.3900490326    4.1217637924   -1.0299817972
   1.1738703897    3.2309483872   -1.7986351452
   0.1238703897    3.2309483872   -1.7986351452
  -0.4011296103    2.3216217133   -1.7986351452
   1.1738703897    1.4122950393   -1.7986351452
   0.6488703897    2.3216217133   -2.0799817972
   0.0304965450    1.1268928520    2.0814793298
  -0.4945034550    2.0362195259    1.8001326778
  -0.4945034550    0.2175661780    1.8001326778
   1.0804965450    1.1268928520   -1.8371740181
  -0.4945034550    2.0362195259   -1.8371740181
   0.0304965450    1.1268928520   -2.1185206702
   0.9154583601    0.1040759804    2.1901306272
  -0.1345416399    0.1040759804    1.9087839751
   0.9154583601    0.1040759804   -2.0098693728
   0.5265050740   -1.2745734953    2.1801779042
   1.5765050740   -1.2745734953    1.8988312522
   0.0015050740   -2.1839001693    1.8988312522
   1.5765050740   -1.2745734953   -1.7384754437
   0.5265050740   -1.2745734953   -2.0198220958
   1.2693793891   -2.2146932882    2.1340320226
   2.2493793891   -2.2146932882    1.8714418140
   1.7593793891   -1.3659883925    1.8714418140
   0.7793793891   -3.0633981839    1.8714418140
   1.7593793891   -3.0633981839    1.8714418140
   2.9667891806   -2.2146932882    1.1540320226
   0.7448509172   -3.8290259311    1.1540320226
   1.7939078611   -3.8290259311    1.1540320226
   2.6426127568   -3.2124057307    1.1540320226
   3.2293793891   -2.2146932882    0.1740320226
   1.2693793891   -4.1746932882    0.1740320226
   2.2493793891   -3.9121030796    0.1740320226
   2.9667891806   -3.1946932882    0.1740320226
   2.9667891806   -2.2146932882   -0.8059679774
   1.7939078611   -3.8290259311   -0.8059679774
   2.6426127568   -3.2124057307   -0.8059679774
   2.2493793891   -2.2146932882   -1.5233777688
   0.7793793891   -3.0633981839   -1.5233777688
   1.7593793891   -3.0633981839   -1.5233777688
   1.2693793891   -2.2146932882   -1.7859679774
  -0.8547389839   -1.4168172766    2.0449756717
  -1.9047389839   -1.4168172766    1.7636290196
  -0.3297389839   -2.3261439506    1.7636290196
  -0.3297389839   -0.5074906027   -1.8736776763
  -0.3297389839   -2.3261439506   -1.8736776763
  -0.8547389839   -1.4168172766   -2.1550243283
  -1.7813913145   -0.3854237060    1.9273816891
  -2.3063913145   -1.2947503799    1.6460350370
  -0.7313913145   -0.3854237060   -1.9912716589
  -1.7813913145   -0.3854237060   -2.2726183109
  -2.9505877490   -0.6213193842    1.6697306616
  -3.4405877490    0.2273855115    1.4071404530
  -3.9305877490   -0.6213193842    1.4071404530
  -3.4405877490   -1.4700242800    1.4071404530
  -4.3238211167    0.3763930582    0.6897306616
  -4.6479975405   -0.6213193842    0.6897306616
  -4.3238211167   -1.6190318267    0.6897306616
  -4.6479975405    0.3586806158   -0.2902693384
  -4.9105877490   -0.6213193842   -0.2902693384
  -4.6479975405   -1.6013193842   -0.2902693384
  -3.9305877490   -2.3187291757   -0.2902693384
  -4.3238211167    0.3763930582   -1.2702693384
  -4.6479975405   -0.6213193842   -1.2702693384
  -4.3238211167   -1.6190318267   -1.2702693384
  -3.4751162210   -2.2356520272   -1.2702693384
  -3.4405877490    0.2273855115   -1.9876791299
  -3.9305877490   -0.6213193842   -1.9876791299
  -3.4405877490   -1.4700242800   -1.9876791299
  -2.4605877490   -1.4700242800   -1.9876791299
  -2.9505877490   -0.6213193842   -2.2502693384
  -1.3142558152    0.9044920975    1.9520647549
  -0.7892558152   -0.0048345765    1.6707181028
  -0.7892558152    1.8138187715   -1.9665885931
  -1.3142558152    0.9044920975   -2.2479352451
  -1.7527378979    2.9012621576    1.5448244168
  -3.8496104691    3.3844930660   -0.2738289312
  -1.2277378979    1.9919354837   -2.0924822791
  -0.3692460334   -2.7674126163    1.7331718176
  -0.8942460334   -3.6767392903    1.7331718176
  -1.6780673905   -4.5675546955    0.9645184697
  -2.9911186046   -4.1599701987   -0.0854815303
  -2.1639162962   -4.7309467260   -0.0854815303
  -0.3692460334   -2.7674126163   -1.9041348782
   3.4500111395   -0.5637909821    2.9148907011
   4.4374903634   -0.5637909821    2.5940392516
   3.7551590013    0.3753575684    2.5940392516
   2.6511236659    0.0166347426    2.5940392516
   2.6511236659   -1.1442167069    2.5940392516
   3.7551590013   -1.5029395327    2.5940392516
   5.0477860869   -0.5637909821    1.7540392516
   1.9485938118   -1.1102621986    1.7540392516
   2.6511236659   -1.9475046761    1.7540392516
   3.7274618475   -2.1372921379    1.7540392516
   4.6739777593   -1.5908209214    1.7540392516
   3.7274618475   -2.1372921379    0.7157421505
   5.1956333690    0.8037085317    1.7706530360
   4.5133020069    1.7428570822    1.7706530360
   5.8059290926    0.8037085317    0.9306530360
   5.4321207650    1.8307384709    0.9306530360
   4.4856048531    2.3772096874    0.9306530360
   5.8059290926    0.8037085317   -0.1076440651
   5.4321207650    1.8307384709   -0.1076440651
   4.4856048531    2.3772096874   -0.1076440651
   5.1956333690    0.8037085317   -0.9476440651
   4.5133020069    1.7428570822   -0.9476440651
   3.9060440933   -2.1601959443    0.0066905323
   4.8525600052   -1.6137247278    0.0066905323
   5.2263683327   -0.5866947886   -1.0316065688
   2.8297059117   -1.9704084825   -1.0316065688
   3.9060440933   -2.1601959443   -1.0316065688
   4.8525600052   -1.6137247278   -1.0316065688
   4.6160726092   -0.5866947886   -1.8716065688
   3.9337412471    0.3524537620   -1.8716065688
   2.8297059117   -0.0062690638   -1.8716065688
   2.8297059117   -1.1671205133   -1.8716065688
   3.9337412471   -1.5258433391   -1.8716065688
   3.6285933854   -0.5866947886   -2.1924580183
   3.6908679896    2.7355463230    1.5788850018
   3.0085366275    3.6746948736    1.5788850018
   4.3011637131    2.7355463230    0.7388850018
   3.9273553855    3.7625762623    0.7388850018
   2.9808394737    4.3090474788    0.7388850018
   1.9045012920    4.1192600170    0.7388850018
   4.3011637131    2.7355463230   -0.2994120993
   3.9273553855    3.7625762623   -0.2994120993
   2.9808394737    4.3090474788   -0.2994120993
   1.9045012920    4.1192600170   -0.2994120993
   3.6908679896    2.7355463230   -1.1394120993
   3.0085366275    3.6746948736   -1.1394120993
  -3.0082563631    1.9316573491    2.2002463099
  -2.0207771393    1.9316573491    1.8793948604
  -2.7031085014    2.8708058996    1.8793948604
  -3.8071438368    2.5120830738    1.8793948604
  -3.8071438368    1.3512316243    1.8793948604
  -2.7031085014    0.9925087985    1.8793948604
  -3.8071438368    3.3153710430    1.0393948604
  -4.5096736908    2.4781285656    1.0393948604
  -4.5096736908    1.3851861326    1.0393948604
  -3.8071438368    0.5479436551    1.0393948604
  -4.5096736908    2.4781285656    0.0010977593
  -4.5096736908    1.3851861326    0.0010977593
  -1.4322067384    3.8612375343    1.1493056156
  -1.4599038922    4.4955901395    0.3093056156
  -2.5362420738    4.3058026778    0.3093056156
  -0.5133879803    3.9491189230   -0.7289914855
  -1.4599038922    4.4955901395   -0.7289914855
  -2.5362420738    4.3058026778   -0.7289914855
  -0.7498753763    2.9220889838   -1.5689914855
  -1.4322067384    3.8612375343   -1.5689914855
  -4.2921628368    2.4732667564   -0.7041668374
  -4.2921628368    1.3803243234   -0.7041668374
  -2.5132948012    3.5002966956   -1.7424639385
  -3.5896329828    3.3105092338   -1.7424639385
  -4.2921628368    2.4732667564   -1.7424639385
  -4.2921628368    1.3803243234   -1.7424639385
  -3.5896329828    0.5430818459   -1.7424639385
  -1.8032662853    1.9267955399   -2.5824639385
  -2.4855976473    2.8659440904   -2.5824639385
  -3.5896329828    2.5072212646   -2.5824639385
  -3.5896329828    1.3463698151   -2.5824639385
  -2.4855976473    0.9876469893   -2.5824639385
  -2.7907455091    1.9267955399   -2.9033153880
  -2.1287312360   -2.8869640227    2.4003339632
  -1.1412520121   -2.8869640227    2.0794825137
  -1.8235833742   -1.9478154721    2.0794825137
  -2.9276187097   -2.3065382980    2.0794825137
  -2.9276187097   -3.4673897474    2.0794825137
  -1.8235833742   -3.8261125732    2.0794825137
  -3.6301485637   -2.3404928062    1.2394825137
  -3.6301485637   -3.4334352392    1.2394825137
  -2.9276187097   -4.2706777166    1.2394825137
  -1.8512805281   -4.4604651784    1.2394825137
  -3.6301485637   -3.4334352392    0.2011854126
  -2.9276187097   -4.2706777166    0.2011854126
  -3.4325686148   -3.4780945615   -0.5036255723
  -3.4325686148   -2.3851521285   -1.5419226734
  -3.4325686148   -3.4780945615   -1.5419226734
  -2.7300387608   -4.3153370389   -1.5419226734
  -1.6537005792   -4.5051245007   -1.5419226734
  -0.9436720632   -2.9316233450   -2.3819226734
  -1.6260034253   -1.9924747944   -2.3819226734
  -2.7300387608   -2.3511976203   -2.3819226734
  -2.7300387608   -3.5120490697   -2.3819226734
  -1.6260034253   -3.8707718955   -2.3819226734
  -1.9311512871   -2.9316233450   -2.7027741228
  -0.3033938386   -4.4045148465    1.3829511015
  -1.4074291740   -4.8490799899    0.5429511015
  -0.3310909924   -5.0388674517    0.5429511015
   0.6154249194   -4.4923962352    0.5429511015
  -1.4074291740   -4.8490799899   -0.4953459996
  -0.3310909924   -5.0388674517   -0.4953459996
   0.6154249194   -4.4923962352   -0.4953459996
   0.3789375235   -3.4653662960   -1.3353459996
  -0.3033938386   -4.4045148465   -1.3353459996
   3.9610399805    0.9474139753    2.5053624928
   2.9197190066    0.9474139753    2.5053624928
   5.3167750515    0.0456035584    1.8394127343
   4.8992377594   -1.7837468453    0.8770874513
   5.5484907671   -0.9696093246    0.8770874513
   5.5484907671   -0.9696093246   -0.1910130317
   3.9610399805    0.9474139753   -1.8192880732
   2.1555389408    0.7064933980    2.6034942923
   1.6348784539   -0.1953170189    2.3658195752
   3.1968599147    0.7064933980   -1.9588309907
   2.1555389408    0.7064933980   -2.1965057077
   1.9150099546    2.0129459221    2.5544378045
   2.9563309284    2.0129459221    2.3167630875
   2.4356704415    2.9147563390    2.3167630875
   1.3943494676    2.9147563390    2.3167630875
   1.6479710242    3.8702424788    1.6508133290
   3.7914055125    2.0129459221   -1.3419377199
   2.9563309284    2.0129459221   -2.0078874784
   2.4356704415    2.9147563390   -2.0078874784
   1.9150099546    2.0129459221   -2.2455621955
   0.6488703897    2.3216217133    2.4200182028
   1.1695308766    3.2234321301    2.1823434857
   0.1282099027    3.2234321301    2.1823434857
  -0.3924505842    2.3216217133    2.1823434857
   1.4283532748    4.0284511487    1.5163937272
   0.3818314593    4.1789182699    1.5163937272
  -0.5799073826    3.7397068575    1.5163937272
   1.1695308766    4.6027843547    0.5540684442
   0.1282099027    4.6027843547    0.5540684442
   1.1695308766    4.6027843547   -0.5140320387
   0.1282099027    4.6027843547   -0.5140320387
   1.4283532748    4.0284511487   -1.4763573217
   0.3818314593    4.1789182699   -1.4763573217
   1.1695308766    3.2234321301   -2.1423070802
   0.1282099027    3.2234321301   -2.1423070802
  -0.3924505842    2.3216217133   -2.1423070802
   1.1695308766    1.4198112964   -2.1423070802
   0.6488703897    2.3216217133   -2.3799817972
   0.0304965450    1.1268928520    2.3814793298
  -0.4901639420    2.0287032688    2.1438046128
  -0.4901639420    0.2250824351    2.1438046128
   1.0718175188    1.1268928520   -2.1808459531
  -0.4901639420    2.0287032688   -2.1808459531
   0.0304965450    1.1268928520   -2.4185206702
   0.9154583601    0.1040759804    2.4901306272
  -0.1258626137    0.1040759804    2.2524559102
   1.4361188471   -0.7977344364    2.2524559102
   1.4361188471    1.0058863973   -2.0721946558
   0.9154583601    0.1040759804   -2.3098693728
   0.5265050740   -1.2745734953    2.4801779042
   1.5678260479   -1.2745734953    2.2425031872
   0.0058445871   -2.1763839122    2.2425031872
   1.5678260479   -1.2745734953   -2.0821473788
   0.0058445871   -0.3727630785   -2.0821473788
   1.0471655609   -2.1763839122   -2.0821473788
   0.5265050740   -1.2745734953   -2.3198220958
   1.2693793891   -2.2146932882    2.4140320226
   2.2412789648   -2.2146932882    2.1922022867
   1.7553291769   -1.3730035657    2.1922022867
   0.7834296013   -3.0563830106    2.1922022867
   1.7553291769   -3.0563830106    2.1922022867
   0.7281971479   -3.8802809625    1.5706491788
   1.8105616303   -3.8802809625    1.5706491788
   2.6862128907   -3.2440830821    1.5706491788
   1.5326120349   -4.3826091698    0.6724789147
   2.5099410668   -4.0119571585    0.6724789147
   3.2030723686   -3.2295736539    0.6724789147
   1.5326120349   -4.3826091698   -0.3244148695
   2.5099410668   -4.0119571585   -0.3244148695
   3.2030723686   -3.2295736539   -0.3244148695
   1.8105616303   -3.8802809625   -1.2225851336
   2.6862128907   -3.2440830821   -1.2225851336
   2.2412789648   -2.2146932882   -1.8441382415
   0.7834296013   -3.0563830106   -1.8441382415
   1.7553291769   -3.0563830106   -1.8441382415
   1.2693793891   -2.2146932882   -2.0659679774
  -0.8547389839   -1.4168172766    2.3449756717
  -1.8960599578   -1.4168172766    2.1073009546
  -0.3340784970   -2.3186276935    2.1073009546
  -0.3340784970   -0.5150068598   -2.2173496113
  -0.3340784970   -2.3186276935   -2.2173496113
  -0.8547389839   -1.4168172766   -2.4550243283
  -1.7813913145   -0.3854237060    2.2273816891
  -2.8227122884   -0.3854237060    1.9897069720
  -2.3020518015   -1.2872341228    1.9897069720
  -0.7400703406   -0.3854237060   -2.3349435939
  -2.3020518015   -1.2872341228   -2.3349435939
  -1.7813913145   -0.3854237060   -2.5726183109
  -2.9505877490   -0.6213193842    1.9497306616
  -3.4365375369    0.2203703382    1.7279009257
  -3.9224873247   -0.6213193842    1.7279009257
  -3.4365375369   -1.4630091067    1.7279009257
  -4.3674212506    0.4080704097    1.1063478177
  -4.7018902698   -0.6213193842    1.1063478177
  -4.3674212506   -1.6507091782    1.1063478177
  -4.5852143560    0.8268334225    0.2081775536
  -5.0709678938   -0.0986926173    0.2081775536
  -5.0709678938   -1.1439461511    0.2081775536
  -4.5852143560   -2.0694721910    0.2081775536
  -4.5852143560    0.8268334225   -0.7887162305
  -5.0709678938   -0.0986926173   -0.7887162305
  -5.0709678938   -1.1439461511   -0.7887162305
  -4.5852143560   -2.0694721910   -0.7887162305
  -4.3674212506    0.4080704097   -1.6868864946
  -4.7018902698   -0.6213193842   -1.6868864946
  -4.3674212506   -1.6507091782   -1.6868864946
  -3.4365375369    0.2203703382   -2.3084396025
  -3.9224873247   -0.6213193842   -2.3084396025
  -3.4365375369   -1.4630091067   -2.3084396025
  -2.4646379612   -1.4630091067   -2.3084396025
  -2.9505877490   -0.6213193842   -2.5302693384
  -1.3142558152    0.9044920975    2.2520647549
  -2.3555767891    0.9044920975    2.0143900378
  -0.7935953282    0.0026816806    2.0143900378
  -0.7935953282    1.8063025144   -2.3102605281
  -1.3142558152    0.9044920975   -2.5479352451
  -1.7570774110    2.8937459005    1.8884963518
  -3.7365961638    3.8212858874    0.2602213103
  -3.7365961638    3.8212858874   -0.8078791727
  -4.3858491715    3.0071483666   -0.8078791727
  -2.5447768283    3.8492320404   -1.7702044556
  -1.2364169241    1.9919354837   -2.4361542141
  -0.3779250595   -2.7674126163    2.0768437527
  -0.8985855465   -3.6692230332    2.0768437527
  -1.6862849638   -4.6247091730    1.4108939942
  -1.9399065204   -5.0485752578    0.4485687112
  -2.8781042993   -4.5967630201   -0.6195317718
  -1.9399065204   -5.0485752578   -0.6195317718
  -0.3779250595   -2.7674126163   -2.2478068133
   3.4500111395   -0.5637909821    3.1548907011
   4.4100111395   -0.5637909821    2.8976594763
   3.9300111395    0.2675934055    2.8976594763
   2.9700111395    0.2675934055    2.8976594763
   2.4900111395   -0.5637909821    2.8976594763
   2.9700111395   -1.3951753698    2.8976594763
   3.9300111395   -1.3951753698    2.8976594763
   5.1127799148   -0.5637909821    2.1948907011
   2.1048029426   -1.5411419462    2.1948907011
   2.9361873303   -2.1451780610    2.1948907011
   3.9638349488   -2.1451780610    2.1948907011
   4.7952193364   -1.5411419462    2.1948907011
   3.4500111395   -2.4837909821    1.2348907011
   4.4100111395   -2.2265597574    1.2348907011
   5.1127799148   -1.5237909821    1.2348907011
   5.1681541452    0.8037085317    2.0742732607
   4.6881541452    1.6350929193    2.0742732607
   5.8709229204    0.8037085317    1.3715044854
   5.5533623421    1.7810594957    1.3715044854
   4.7219779545    2.3850956105    1.3715044854
   6.1281541452    0.8037085317    0.4115044854
   5.8709229204    1.7637085317    0.4115044854
   5.1681541452    2.4664773069    0.4115044854
   5.8709229204   -0.1562914683    0.4115044854
   5.8709229204    0.8037085317   -0.5484955146
   5.5533623421    1.7810594957   -0.5484955146
   4.7219779545    2.3850956105   -0.5484955146
   5.1681541452    0.8037085317   -1.2512642898
   4.6881541452    1.6350929193   -1.2512642898
   3.6285933854   -2.5066947886   -0.5124580183
   4.5885933854   -2.2494635638   -0.5124580183
   5.2913621606   -1.5466947886   -0.5124580183
   5.2913621606   -0.5866947886   -1.4724580183
   4.9738015823    0.3906561755   -1.4724580183
   3.1147695761   -2.1680818674   -1.4724580183
   4.1424171946   -2.1680818674   -1.4724580183
   4.9738015823   -1.5640457526   -1.4724580183
   4.5885933854   -0.5866947886   -2.1752267936
   4.1085933854    0.2446895991   -2.1752267936
   3.1485933854    0.2446895991   -2.1752267936
   2.6685933854   -0.5866947886   -2.1752267936
   3.1485933854   -1.4180791762   -2.1752267936
   4.1085933854   -1.4180791762   -2.1752267936
   3.6285933854   -0.5866947886   -2.4324580183
   3.6633887657    2.7355463230    1.8825052266
   3.1833887657    3.5669307107    1.8825052266
   4.3661575410    2.7355463230    1.1797364513
   4.0485969626    3.7128972871    1.1797364513
   3.2172125750    4.3169334018    1.1797364513
   2.1895649565    4.3169334018    1.1797364513
   4.6233887657    2.7355463230    0.2197364513
   4.3661575410    3.6955463230    0.2197364513
   3.6633887657    4.3983150983    0.2197364513
   2.7033887657    4.6555463230    0.2197364513
   4.3661575410    2.7355463230   -0.7402635487
   4.0485969626    3.7128972871   -0.7402635487
   3.2172125750    4.3169334018   -0.7402635487
   2.1895649565    4.3169334018   -0.7402635487
   3.6633887657    2.7355463230   -1.4430323240
   3.1833887657    3.5669307107   -1.4430323240
  -3.0082563631    1.9316573491    2.4402463099
  -2.0482563631    1.9316573491    2.1830150851
  -2.5282563631    2.7630417367    2.1830150851
  -3.4882563631    2.7630417367    2.1830150851
  -3.9682563631    1.9316573491    2.1830150851
  -3.4882563631    1.1002729614    2.1830150851
  -2.5282563631    1.1002729614    2.1830150851
  -3.5220801724    3.5130444279    1.4802463099
  -4.3534645600    2.9090083131    1.4802463099
  -4.6710251384    1.9316573491    1.4802463099
  -4.3534645600    0.9543063850    1.4802463099
  -3.9682563631    3.5944261243    0.5202463099
  -4.6710251384    2.8916573491    0.5202463099
  -4.9282563631    1.9316573491    0.5202463099
  -4.6710251384    0.9716573491    0.5202463099
  -1.2573546001    3.7534733714    1.4529258403
  -2.2173546001    3.7534733714    1.4529258403
  -1.2235307909    4.5034760626    0.7501570651
  -2.2511784094    4.5034760626    0.7501570651
  -0.7773546001    4.5848577591   -0.2098429349
  -1.7373546001    4.8420889838   -0.2098429349
  -2.6973546001    4.5848577591   -0.2098429349
  -1.2235307909    4.5034760626   -1.1698429349
  -2.2511784094    4.5034760626   -1.1698429349
  -1.2573546001    3.7534733714   -1.8726117102
  -4.4535142844    2.8867955399   -1.2233153880
  -4.7107455091    1.9267955399   -1.2233153880
  -4.4535142844    0.9667955399   -1.2233153880
  -2.2769216998    3.5081826187   -2.1833153880
  -3.3045693184    3.5081826187   -2.1833153880
  -4.1359537060    2.9041465039   -2.1833153880
  -4.4535142844    1.9267955399   -2.1833153880
  -4.1359537060    0.9494445758   -2.1833153880
  -1.8307455091    1.9267955399   -2.8860841633
  -2.3107455091    2.7581799275   -2.8860841633
  -3.2707455091    2.7581799275   -2.8860841633
  -3.7507455091    1.9267955399   -2.8860841633
  -3.2707455091    1.0954111522   -2.8860841633
  -2.3107455091    1.0954111522   -2.8860841633
  -2.7907455091    1.9267955399   -3.1433153880
  -2.1287312360   -2.8869640227    2.6403339632
  -1.1687312360   -2.8869640227    2.3831027385
  -1.6487312360   -2.0555796351    2.3831027385
  -2.6087312360   -2.0555796351    2.3831027385
  -3.0887312360   -2.8869640227    2.3831027385
  -2.6087312360   -3.7183484103    2.3831027385
  -1.6487312360   -3.7183484103    2.3831027385
  -3.4739394329   -1.9096130586    1.6803339632
  -3.7915000113   -2.8869640227    1.6803339632
  -3.4739394329   -3.8643149868    1.6803339632
  -2.6425550453   -4.4683511015    1.6803339632
  -1.6149074267   -4.4683511015    1.6803339632
  -4.0487312360   -2.8869640227    0.7203339632
  -3.7915000113   -3.8469640227    0.7203339632
  -3.0887312360   -4.5497327980    0.7203339632
  -3.8511512871   -2.9316233450   -1.0227741228
  -3.5939200624   -3.8916233450   -1.0227741228
  -2.8911512871   -4.5943921203   -1.0227741228
  -3.5939200624   -2.9316233450   -1.9827741228
  -3.2763594840   -3.9089743091   -1.9827741228
  -2.4449750964   -4.5130104238   -1.9827741228
  -1.4173274778   -4.5130104238   -1.9827741228
  -0.9711512871   -2.9316233450   -2.6855428981
  -1.4511512871   -2.1002389574   -2.6855428981
  -2.4111512871   -2.1002389574   -2.6855428981
  -2.8911512871   -2.9316233450   -2.6855428981
  -2.4111512871   -3.7630077326   -2.6855428981
  -1.4511512871   -3.7630077326   -2.6855428981
  -1.9311512871   -2.9316233450   -2.9427741228
  -0.1285417004   -4.2967506836    1.6865713262
  -1.1223655096   -5.0467533748    0.9838025510
  -0.0947178911   -5.0467533748    0.9838025510
   0.7366664965   -4.4427172600    0.9838025510
  -0.6085417004   -5.3853662960    0.0238025510
   0.3514582996   -5.1281350712    0.0238025510
  -1.1223655096   -5.0467533748   -0.9361974490
  -0.0947178911   -5.0467533748   -0.9361974490
   0.7366664965   -4.4427172600   -0.9361974490
   0.3514582996   -3.4653662960   -1.6389662243
  -0.1285417004   -4.2967506836   -1.6389662243
   3.9570021272    0.9404202083    2.8375119476
   2.9237568599    0.9404202083    2.8375119476
   5.3495678027    0.0456035584    2.2522255190
   5.6878235741   -1.0367084680    1.3762824772
   4.4736247609   -2.4488711794    0.3430372098
   5.3495678027   -1.8635847508    0.3430372098
   5.9348542313   -0.9876417090    0.3430372098
   5.9348542313    0.0456035584   -0.6902080576
   5.0464909035    1.0777886865   -1.5661510994
   4.2334849798    1.7822623296   -1.5661510994
   3.9570021272    0.9404202083   -2.1514375280
   2.1555389408    0.7064933980    2.9034942923
   1.6389163071   -0.1883232519    2.6979690300
   3.1887842082    0.7064933980   -2.2909804455
   2.1555389408    0.7064933980   -2.4965057077
   1.9150099546    2.0129459221    2.8544378045
   2.9482552219    2.0129459221    2.6489125423
   2.4316325882    2.9077625720    2.6489125423
   1.3983873209    2.9077625720    2.6489125423
   1.6433041291    3.9027014471    2.0636261137
   3.8241982638    2.0129459221   -1.7547505047
   2.7081154408    3.7496046933   -1.7547505047
   2.9482552219    2.0129459221   -2.3400369333
   2.4316325882    2.9077625720   -2.3400369333
   1.9150099546    2.0129459221   -2.5455621955
   0.6488703897    2.3216217133    2.7200182028
   1.1654930234    3.2164383632    2.5144929405
   0.1322477560    3.2164383632    2.5144929405
  -0.3843748777    2.3216217133    2.5144929405
   1.4419758760    4.0582804845    1.9292065120
   0.3771645642    4.2113772383    1.9292065120
  -0.6013820677    3.7644899653    1.9292065120
   1.2039432381    4.7535547614    1.0532634701
   0.0937975413    4.7535547614    1.0532634701
   1.6821156571    4.8160964510    0.0200182028
   0.6488703897    5.0216217133    0.0200182028
  -0.3843748777    4.8160964510    0.0200182028
   1.2039432381    4.7535547614   -1.0132270646
   0.0937975413    4.7535547614   -1.0132270646
   1.4419758760    4.0582804845   -1.8891701065
   0.3771645642    4.2113772383   -1.8891701065
  -0.6013820677    3.7644899653   -1.8891701065
   1.1654930234    3.2164383632   -2.4744565350
   0.1322477560    3.2164383632   -2.4744565350
  -0.3843748777    2.3216217133   -2.4744565350
   1.1654930234    1.4268050634   -2.4744565350
   0.6488703897    2.3216217133   -2.6799817972
   0.0304965450    1.1268928520    2.6814793298
  -0.4861260887    2.0217095018    2.4759540676
  -0.4861260887    0.2320762021    2.4759540676
   1.0637418124    1.1268928520   -2.5129954079
  -0.4861260887    2.0217095018   -2.5129954079
   0.0304965450    1.1268928520   -2.7185206702
   0.9154583601    0.1040759804    2.7901306272
  -0.1177869072    0.1040759804    2.5846053650
   1.4320809938   -0.7907406695    2.5846053650
   1.4320809938    0.9988926303   -2.4043441106
   0.9154583601    0.1040759804   -2.6098693728
   0.5265050740   -1.2745734953    2.7801779042
   1.5597503414   -1.2745734953    2.5746526420
   0.0098824403   -2.1693901452    2.5746526420
   1.5597503414   -1.2745734953   -2.4142968336
   0.0098824403   -0.3797568454   -2.4142968336
   1.0431277077   -2.1693901452   -2.4142968336
   0.5265050740   -1.2745734953   -2.6198220958
   1.2693793891   -2.2146932882    2.6940320226
   2.3627664117   -2.2146932882    2.4444735697
   0.7226858778   -3.1615942259    2.4444735697
   1.8160729004   -3.1615942259    2.4444735697
   0.9889885123   -4.1648546727    1.7452263233
   2.0878364185   -4.0068641954    1.7452263233
   2.9268300008   -3.2798721179    1.7452263233
   1.8160729004   -4.6099140617    0.7347847762
   2.8011805683   -4.1355112121    0.7347847762
   3.4828962264   -3.2806668153    0.7347847762
   1.8160729004   -4.6099140617   -0.3867207310
   2.8011805683   -4.1355112121   -0.3867207310
   3.4828962264   -3.2806668153   -0.3867207310
   0.9889885123   -4.1648546727   -1.3971622781
   2.0878364185   -4.0068641954   -1.3971622781
   2.9268300008   -3.2798721179   -1.3971622781
   2.3627664117   -2.2146932882   -2.0964095245
   0.7226858778   -3.1615942259   -2.0964095245
   1.8160729004   -3.1615942259   -2.0964095245
   1.2693793891   -2.2146932882   -2.3459679774
  -0.8547389839   -1.4168172766    2.6449756717
  -1.8879842513   -1.4168172766    2.4394504094
  -0.3381163502   -2.3116339265    2.4394504094
  -0.3381163502   -0.5220006267   -2.5494990661
  -0.3381163502   -2.3116339265   -2.5494990661
  -0.8547389839   -1.4168172766   -2.7550243283
  -1.7813913145   -0.3854237060    2.5273816891
  -2.8146365819   -0.3854237060    2.3218564268
  -2.2980139482   -1.2802403559    2.3218564268
  -0.7481460471   -0.3854237060   -2.6670930487
  -2.2980139482   -1.2802403559   -2.6670930487
  -1.7813913145   -0.3854237060   -2.8726183109
  -3.4972812603    0.3255815535    1.9801722087
  -4.0439747716   -0.6213193842    1.9801722087
  -3.4972812603   -1.5682203220    1.9801722087
  -4.8409955203   -0.0662455802    1.2809249622
  -4.8409955203   -1.1763931883    1.2809249622
  -4.2408044099   -2.1103087857    1.2809249622
  -5.1641045863    0.4446541429    0.2704834151
  -5.4074060877   -0.6213193842    0.2704834151
  -5.1641045863   -1.6872929114    0.2704834151
  -4.4823889282   -2.5421373081    0.2704834151
  -5.1641045863    0.4446541429   -0.8510220920
  -5.4074060877   -0.6213193842   -0.8510220920
  -5.1641045863   -1.6872929114   -0.8510220920
  -4.4823889282   -2.5421373081   -0.8510220920
  -4.8409955203   -0.0662455802   -1.8614636391
  -4.8409955203   -1.1763931883   -1.8614636391
  -4.2408044099   -2.1103087857   -1.8614636391
  -3.4972812603    0.3255815535   -2.5607108855
  -4.0439747716   -0.6213193842   -2.5607108855
  -3.4972812603   -1.5682203220   -2.5607108855
  -2.9505877490   -0.6213193842   -2.8102693384
  -1.3142558152    0.9044920975    2.5520647549
  -2.3475010826    0.9044920975    2.3465394927
  -0.7976331815    0.0096754476    2.3465394927
  -0.7976331815    1.7993087474   -2.6424099829
  -1.3142558152    0.9044920975   -2.8479352451
  -1.7611152642    2.8867521336    2.2206458066
  -2.5494437234    3.8816910087    1.6353593780
  -3.8330174579    3.9421943659    0.7594163362
  -3.3109831653    4.4864102215   -0.2738289312
  -4.1869262071    3.9011237929   -0.2738289312
  -4.7722126357    3.0251807511   -0.2738289312
  -3.8330174579    3.9421943659   -1.3070741985
  -2.5494437234    3.8816910087   -2.1830172404
  -1.2444926306    1.9919354837   -2.7683036689
  -0.3860007660   -2.7674126163    2.4089932075
  -0.9026233997   -3.6622292662    2.4089932075
  -1.9743188818   -5.1993456644    0.9477637371
  -3.9137207712   -3.8006578837   -0.0854815303
  -3.3284343426   -4.6766009255   -0.0854815303
  -2.4524913008   -5.2618873541   -0.0854815303
  -1.4192460334   -5.4674126163   -0.0854815303
  -1.9743188818   -5.1993456644   -1.1187267977
  -0.6261405471   -4.5040713876   -1.9946698395
   0.1868653765   -3.7995977445   -1.9946698395
  -0.3860007660   -2.7674126163   -2.5799562681
   3.4500111395   -0.5637909821    3.3948907011
   4.5300111395   -0.5637909821    3.1055055733
   3.9900111395    0.3715164539    3.1055055733
   2.9100111395    0.3715164539    3.1055055733
   2.3700111395   -0.5637909821    3.1055055733
   2.9100111395   -1.4990984182    3.1055055733
   3.9900111395   -1.4990984182    3.1055055733
   5.3206260117   -0.5637909821    2.3148907011
   3.1837948865   -2.4153656921    2.3148907011
   4.2270926410   -2.2653621209    2.3148907011
   5.0236725093   -1.5751217358    2.3148907011
   3.7103703689   -2.7080421502    1.2348907011
   4.6770309925   -2.3414361325    1.2348907011
   5.2881541452    0.8037085317    2.2821193576
   4.7481541452    1.7390159677    2.2821193576
   6.0787690174    0.8037085317    1.4915044854
   5.7818155150    1.8150392853    1.4915044854
   4.9852356466    2.5052796704    1.4915044854
   6.3681541452    0.8037085317    0.4115044854
   6.1207391606    1.8075105833    0.4115044854
   5.4351739981    2.5813536820    0.4115044854
   6.0787690174    0.8037085317   -0.6684955146
   5.7818155150    1.8150392853   -0.6684955146
   4.9852356466    2.5052796704   -0.6684955146
   4.7481541452    1.7390159677   -1.4591103867
   3.8889526147   -2.7309459566   -0.5124580183
   4.8556132383   -2.3643399389   -0.5124580183
   5.5411784008   -1.5904968402   -0.5124580183
   5.4992082575   -0.5866947886   -1.5924580183
   3.3623771324   -2.4382694986   -1.5924580183
   4.4056748868   -2.2882659273   -1.5924580183
   5.2022547552   -1.5980255422   -1.5924580183
   4.7085933854   -0.5866947886   -2.3830728905
   4.1685933854    0.3486126475   -2.3830728905
   3.0885933854    0.3486126475   -2.3830728905
   2.5485933854   -0.5866947886   -2.3830728905
   3.0885933854   -1.5220022247   -2.3830728905
   4.1685933854   -1.5220022247   -2.3830728905
   3.6285933854   -0.5866947886   -2.6724580183
   3.7833887657    2.7355463230    2.0903513235
   3.2433887657    3.6708537591    2.0903513235
   4.2770501355    3.7468770767    1.2997364513
   3.4804702672    4.4371174618    1.2997364513
   2.4371725127    4.5871210330    1.2997364513
   4.6159737811    3.7393483747    0.2197364513
   3.9304086187    4.5131914734    0.2197364513
   2.9637479951    4.8797974911    0.2197364513
   1.9374422097    4.7551814072    0.2197364513
   4.5740036379    2.7355463230   -0.8602635487
   4.2770501355    3.7468770767   -0.8602635487
   3.4804702672    4.4371174618   -0.8602635487
   2.4371725127    4.5871210330   -0.8602635487
   3.2433887657    3.6708537591   -1.6508784209
  -3.0082563631    1.9316573491    2.6802463099
  -2.4682563631    2.8669647852    2.3908611820
  -3.5482563631    2.8669647852    2.3908611820
  -4.0882563631    1.9316573491    2.3908611820
  -3.5482563631    0.9963499130    2.3908611820
  -2.4682563631    0.9963499130    2.3908611820
  -3.2744726161    3.7832320590    1.6002463099
  -4.2332485912    3.3453737425    1.6002463099
  -4.8030981893    2.4586704599    1.6002463099
  -4.8030981893    1.4046442383    1.6002463099
  -4.2332485912    0.5179409556    1.6002463099
  -4.6250395792    3.3640022909    0.5202463099
  -5.1054906888    2.4485791839    0.5202463099
  -5.1054906888    1.4147355142    0.5202463099
  -1.1973546001    3.8573964199    1.6607719372
  -0.9602730987    4.6236601225    0.8701570651
  -2.0035708531    4.7736636938    0.8701570651
  -1.4769953708    5.0663401519   -0.2098429349
  -2.5033011561    4.9417240680   -0.2098429349
  -0.9602730987    4.6236601225   -1.2898429349
  -2.0035708531    4.7736636938   -1.2898429349
  -1.1973546001    3.8573964199   -2.0804578071
  -4.4075287252    3.3591404817   -1.2233153880
  -4.8879798347    2.4437173747   -1.2233153880
  -4.8879798347    1.4098737050   -1.2233153880
  -3.0569617621    3.7783702498   -2.3033153880
  -4.0157377372    3.3405119333   -2.3033153880
  -4.5855873353    2.4538086507   -2.3033153880
  -4.5855873353    1.3997824291   -2.3033153880
  -4.0157377372    0.5130791464   -2.3033153880
  -1.7107455091    1.9267955399   -3.0939302602
  -2.2507455091    2.8621029759   -3.0939302602
  -3.3307455091    2.8621029759   -3.0939302602
  -3.8707455091    1.9267955399   -3.0939302602
  -3.3307455091    0.9914881038   -3.0939302602
  -2.2507455091    0.9914881038   -3.0939302602
  -2.7907455091    1.9267955399   -3.3833153880
  -2.1287312360   -2.8869640227    2.8803339632
  -1.0487312360   -2.8869640227    2.5909488354
  -1.5887312360   -1.9516565866    2.5909488354
  -2.6687312360   -1.9516565866    2.5909488354
  -3.2087312360   -2.8869640227    2.5909488354
  -2.6687312360   -3.8222714588    2.5909488354
  -1.5887312360   -3.8222714588    2.5909488354
  -3.9235730622   -2.3599509119    1.8003339632
  -3.9235730622   -3.4139771335    1.8003339632
  -3.3537234641   -4.3006804161    1.8003339632
  -2.3949474890   -4.7385387327    1.8003339632
  -4.2259655616   -3.4038858576    0.7203339632
  -3.7455144520   -4.3193089645    0.7203339632
  -2.8946777920   -4.9065991069    0.7203339632
  -4.0283856127   -3.4485451798   -1.0227741228
  -3.5479345031   -4.3639682868   -1.0227741228
  -3.7259931133   -2.4046102342   -2.1027741228
  -3.7259931133   -3.4586364558   -2.1027741228
  -3.1561435152   -4.3453397384   -2.1027741228
  -2.1973675401   -4.7831980550   -2.1027741228
  -1.1540697857   -4.6331944837   -2.1027741228
  -0.8511512871   -2.9316233450   -2.8933889950
  -1.3911512871   -1.9963159089   -2.8933889950
  -2.4711512871   -1.9963159089   -2.8933889950
  -3.0111512871   -2.9316233450   -2.8933889950
  -2.4711512871   -3.8669307811   -2.8933889950
  -1.3911512871   -3.8669307811   -2.8933889950
  -1.9311512871   -2.9316233450   -3.1827741228
  -0.0685417004   -4.4006737321    1.8944174231
  -0.8747579534   -5.3169410059    1.1038025510
   0.1685398011   -5.1669374347    1.1038025510
  -1.3744882564   -5.4850013802    0.0238025510
  -0.3481824710   -5.6096174640    0.0238025510
   0.6184781526   -5.2430114463    0.0238025510
  -0.8747579534   -5.3169410059   -1.0561974490
   0.1685398011   -5.1669374347   -1.0561974490
   0.9651196694   -4.4766970496   -1.0561974490
  -0.0685417004   -4.4006737321   -1.8468123212
   3.9534097085    0.9341979566    3.1621150722
   2.9273492786    0.9341979566    3.1621150722
   5.3687423226    0.0456035584    2.6411705392
   5.0626215361    1.0881552146    2.6411705392
   4.2414503633    1.7997040863    2.6411705392
   6.0384557049    0.0456035584    1.8430372098
   5.8138402150   -1.0111292383    1.8430372098
   4.7572792593   -2.5990876902    0.8639817428
   5.6237246272   -1.9447785207    0.8639817428
   6.1952971365   -1.0216572223    0.8639817428
   5.6237246272   -1.9447785207   -0.1779073232
   6.1952971365   -1.0216572223   -0.1779073232
   6.0384557049    0.0456035584   -1.1569627902
   5.0626215361    1.0881552146   -1.9550961195
   4.2414503633    1.7997040863   -1.9550961195
   3.9534097085    0.9341979566   -2.4760406526
   2.1555389408    0.7064933980    3.2034942923
   1.1294785108    0.7064933980    3.0225721546
   1.6425087258   -0.1821010002    3.0225721546
   3.1815993708    0.7064933980   -2.6155835701
   2.1555389408    0.7064933980   -2.7965057077
   1.9150099546    2.0129459221    3.1544378045
   2.9410703845    2.0129459221    2.9735156669
   2.4280401695    2.9015403203    2.9735156669
   1.4019797396    2.9015403203    2.9735156669
   3.5372519971    3.0554975783    2.4525711339
   2.7160808243    3.7670464500    2.4525711339
   1.6405753104    3.9216807980    2.4525711339
   3.8433727836    2.0129459221   -2.1436955248
   3.5372519971    3.0554975783   -2.1436955248
   2.7160808243    3.7670464500   -2.1436955248
   2.9410703845    2.0129459221   -2.6646400578
   2.4280401695    2.9015403203   -2.6646400578
   1.9150099546    2.0129459221   -2.8455621955
   0.6488703897    2.3216217133    3.0200182028
   1.1619006047    3.2102161114    2.8390960651
   0.1358401747    3.2102161114    2.8390960651
  -0.3771900403    2.3216217133    2.8390960651
   1.4499412594    4.0757222412    2.3181515321
   0.3744357455    4.2303565892    2.3181515321
  -0.6139387079    3.7789811005    2.3181515321
   1.4517200917    4.7925390239    1.5200182028
   0.3772974758    4.9054653913    1.5200182028
  -0.6501677160    4.5716217133    1.5200182028
   0.9214701769    5.2634419235    0.5409627358
  -0.1596459133    5.1632617646    0.5409627358
   1.9657701554    4.9663129619   -0.5009263303
   0.9214701769    5.2634419235   -0.5009263303
  -0.1596459133    5.1632617646   -0.5009263303
   1.4517200917    4.7925390239   -1.4799817972
   0.3772974758    4.9054653913   -1.4799817972
   1.4499412594    4.0757222412   -2.2781151266
   0.3744357455    4.2303565892   -2.2781151266
  -0.6139387079    3.7789811005   -2.2781151266
   1.1619006047    3.2102161114   -2.7990596596
   0.1358401747    3.2102161114   -2.7990596596
  -0.3771900403    2.3216217133   -2.7990596596
   1.1619006047    1.4330273151   -2.7990596596
   0.6488703897    2.3216217133   -2.9799817972
   0.0304965450    1.1268928520    2.9814793298
  -0.4825336700    2.0154872501    2.8005571922
  -0.4825336700    0.2382984538    2.8005571922
   1.0565569749    1.1268928520   -2.8375985325
  -0.4825336700    2.0154872501   -2.8375985325
   0.0304965450    1.1268928520   -3.0185206702
   0.9154583601    0.1040759804    3.0901306272
  -0.1106020698    0.1040759804    2.9092084895
   1.4284885751   -0.7845184177    2.9092084895
   1.9415187901    0.1040759804   -2.7289472352
   1.4284885751    0.9926703786   -2.7289472352
   0.9154583601    0.1040759804   -2.9098693728
   0.5265050740   -1.2745734953    3.0801779042
   1.5525655040   -1.2745734953    2.8992557666
   0.0134748590   -2.1631678935    2.8992557666
   1.5525655040   -1.2745734953   -2.7388999581
   0.0134748590   -0.3859790972   -2.7388999581
   1.0395352890   -2.1631678935   -2.7388999581
   0.5265050740   -1.2745734953   -2.9198220958
   1.2693793891   -2.2146932882    2.9740320226
   2.3408929998   -2.2146932882    2.7608947136
   0.7336225838   -3.1426512955    2.7608947136
   1.8051361944   -3.1426512955    2.7608947136
   1.2693793891   -4.1945922755    2.1539310099
   2.2593288828   -3.9293361081    2.1539310099
   2.9840222091   -3.2046427818    2.1539310099
   0.9989786074   -4.7873848747    1.2455456332
   2.0687639228   -4.6749459072    1.2455456332
   3.0003283902   -4.1371069112    1.2455456332
   3.6325960501   -3.2668651352    1.2455456332
   1.5277307956   -5.0027489818    0.1740320226
   2.5174467853   -4.7211505040    0.1740320226
   3.3386043574   -4.1010410904    0.1740320226
   3.8803016315   -3.2261699535    0.1740320226
   2.0687639228   -4.6749459072   -0.8974815880
   3.0003283902   -4.1371069112   -0.8974815880
   3.6325960501   -3.2668651352   -0.8974815880
   1.2693793891   -4.1945922755   -1.8058669647
   2.2593288828   -3.9293361081   -1.8058669647
   2.9840222091   -3.2046427818   -1.8058669647
   2.3408929998   -2.2146932882   -2.4128306684
   0.7336225838   -3.1426512955   -2.4128306684
   1.8051361944   -3.1426512955   -2.4128306684
  -0.8547389839   -1.4168172766    2.9449756717
  -1.8807994139   -1.4168172766    2.7640535340
  -0.3417087689   -2.3054116748    2.7640535340
  -0.3417087689   -0.5282228785   -2.8741021907
  -0.3417087689   -2.3054116748   -2.8741021907
  -0.8547389839   -1.4168172766   -3.0550243283
  -1.7813913145   -0.3854237060    2.8273816891
  -2.8074517445   -0.3854237060    2.6464595514
  -2.2944215295   -1.2740181041    2.6464595514
  -0.7553308845   -0.3854237060   -2.9916961733
  -2.2944215295   -1.2740181041   -2.9916961733
  -1.7813913145   -0.3854237060   -3.1726183109
  -3.4863445544    0.3066386231    2.2965933526
  -4.0221013597   -0.6213193842    2.2965933526
  -3.4863445544   -1.5492773915    2.2965933526
  -4.6652305690    0.3686301094    1.6896296489
  -4.9304867364   -0.6213193842    1.6896296489
  -4.6652305690   -1.6112688779    1.6896296489
  -5.4809212837   -0.0834803882    0.7812442722
  -5.4809212837   -1.1591583803    0.7812442722
  -5.0434036282   -2.1418391237    0.7812442722
  -5.3311957291    0.8526906718   -0.2902693384
  -5.7029124282   -0.1068207344   -0.2902693384
  -5.7029124282   -1.1358180341   -0.2902693384
  -5.3311957291   -2.0953294403   -0.2902693384
  -4.6379647309   -2.8557676206   -0.2902693384
  -5.0434036282    0.8992003552   -1.3617829491
  -5.4809212837   -0.0834803882   -1.3617829491
  -5.4809212837   -1.1591583803   -1.3617829491
  -5.0434036282   -2.1418391237   -1.3617829491
  -4.6652305690    0.3686301094   -2.2701683258
  -4.9304867364   -0.6213193842   -2.2701683258
  -4.6652305690   -1.6112688779   -2.2701683258
  -3.9405372427   -2.3359622042   -2.2701683258
  -3.4863445544    0.3066386231   -2.8771320295
  -4.0221013597   -0.6213193842   -2.8771320295
  -3.4863445544   -1.5492773915   -2.8771320295
  -2.9505877490   -0.6213193842   -3.0902693384
  -1.3142558152    0.9044920975    2.8520647549
  -2.3403162451    0.9044920975    2.6711426172
  -0.8012256002    0.0158976993    2.6711426172
  -0.8012256002    1.7930864957   -2.9670131075
  -1.3142558152    0.9044920975   -3.1479352451
  -1.7647076830    2.8805298818    2.5452489312
  -2.5521725421    3.9006703596    2.0243043982
  -3.5767760036    4.2419354837    1.2261710688
  -4.0581756844    4.3496161411    0.2471156018
  -4.7896391790    3.5472389100    0.2471156018
  -3.0862542009    4.8335755350   -0.7947734642
  -4.0581756844    4.3496161411   -0.7947734642
  -4.7896391790    3.5472389100   -0.7947734642
  -5.1818564867    2.5348093329   -0.7947734642
  -5.1818564867    1.4490616344   -0.7947734642
  -2.5493108118    4.5757791617   -1.7738289312
  -3.5767760036    4.2419354837   -1.7738289312
  -1.4766670282    3.7460360116   -2.5719622605
  -2.5521725421    3.9006703596   -2.5719622605
  -1.2516774680    1.9919354837   -3.0929067935
  -0.3931856034   -2.7674126163    2.7335963321
  -0.9062158184   -3.6560070145    2.7335963321
  -0.6181751637   -4.5215131443    2.2126517991
  -1.6908189473   -5.3512562944    1.4145184697
  -3.1996838198   -5.1250932737    0.4354630027
  -2.2277623364   -5.6090526677    0.4354630027
  -4.3233646221   -3.3102864656   -0.6064260633
  -3.9311473145   -4.3227160427   -0.6064260633
  -3.1996838198   -5.1250932737   -0.6064260633
  -2.2277623364   -5.6090526677   -0.6064260633
  -1.6908189473   -5.3512562944   -1.5854815303
  -0.6181751637   -4.5215131443   -2.3836148597
   0.2029960091   -3.8099642726   -2.3836148597
  -0.3931856034   -2.7674126163   -2.9045593927
   3.4500111395   -0.5637909821    3.6348907011
   4.4913321134   -0.5637909821    3.3972159840
   3.9706716265    0.3380194347    3.3972159840
   2.9293506526    0.3380194347    3.3972159840
   2.4086901657   -0.5637909821    3.3972159840
   2.9293506526   -1.4656013990    3.3972159840
   3.9706716265   -1.4656013990    3.3972159840
   5.3264066975   -0.5637909821    2.7312662255
   3.1829722092   -2.4210875388    2.7312662255
   4.2294940246   -2.2706204176    2.7312662255
   5.0285355316   -1.5782470104    2.7312662255
   3.9706716265   -2.8449536236    1.7689409426
   4.9088694054   -2.3931413859    1.7689409426
   5.5581224131   -1.5790038651    1.7689409426
   4.7288146321    1.7055189485    2.5738297684
   6.0845497031    0.8037085317    1.9078800099
   5.7866785373    1.8181645600    1.9078800099
   4.9876370303    2.5105379671    1.9078800099
   6.5479811344    0.8037085317    0.9455547269
   6.3162654188    1.8189214146    0.9455547269
   5.6670124111    2.6330589354    0.9455547269
   6.5479811344    0.8037085317   -0.1225457561
   6.3162654188    1.8189214146   -0.1225457561
   5.6670124111    2.6330589354   -0.1225457561
   6.0845497031    0.8037085317   -1.0848710390
   5.7866785373    1.8181645600   -1.0848710390
   4.9876370303    2.5105379671   -1.0848710390
   4.1492538723   -2.8678574301    0.0215922232
   4.1492538723   -2.8678574301   -1.0465082598
   5.0874516513   -2.4160451923   -1.0465082598
   5.7367046589   -1.6019076716   -1.0465082598
   5.5049889433   -0.5866947886   -2.0088335427
   3.3615544550   -2.4439913453   -2.0088335427
   4.4080762705   -2.2935242240   -2.0088335427
   5.2071177775   -1.6011508169   -2.0088335427
   4.6699143593   -0.5866947886   -2.6747833013
   4.1492538723    0.3151156283   -2.6747833013
   3.1079328984    0.3151156283   -2.6747833013
   2.5872724115   -0.5866947886   -2.6747833013
   3.1079328984   -1.4885052054   -2.6747833013
   4.1492538723   -1.4885052054   -2.6747833013
   3.6285933854   -0.5866947886   -2.9124580183
   3.2240492527    3.6373567399    2.3820617343
   4.2819131578    3.7500023513    1.7161119757
   3.4828716508    4.4423757585    1.7161119757
   2.4363498354    4.5928428797    1.7161119757
   4.8115000393    3.7507592060    0.7537866928
   4.1622470316    4.5648967268    0.7537866928
   3.2240492527    5.0167089645    0.7537866928
   2.1827282788    5.0167089645    0.7537866928
   4.8115000393    3.7507592060   -0.3143137902
   4.1622470316    4.5648967268   -0.3143137902
   3.2240492527    5.0167089645   -0.3143137902
   2.1827282788    5.0167089645   -0.3143137902
   4.5797843237    2.7355463230   -1.2766390732
   4.2819131578    3.7500023513   -1.2766390732
   3.4828716508    4.4423757585   -1.2766390732
  -3.0082563631    1.9316573491    2.9202463099
  -2.4875958762    2.8334677659    2.6825715928
  -3.5289168501    2.8334677659    2.6825715928
  -4.0495773370    1.9316573491    2.6825715928
  -3.5289168501    1.0298469322    2.6825715928
  -2.4875958762    1.0298469322    2.6825715928
  -3.2752952935    3.7889539058    2.0166218343
  -4.2370341353    3.3497424933    2.0166218343
  -4.8086447167    2.4602990672    2.0166218343
  -4.8086447167    1.4030156309    2.0166218343
  -4.2370341353    0.5135722048    2.0166218343
  -4.4671146290    3.7610077528    1.0542965514
  -5.1163676367    2.9468702320    1.0542965514
  -5.3480833524    1.9316573491    1.0542965514
  -5.1163676367    0.9164444661    1.0542965514
  -5.1163676367    2.9468702320   -0.0138039316
  -5.3480833524    1.9316573491   -0.0138039316
  -1.2166941132    3.8238994007    1.9524823480
  -0.9578717150    4.6289184192    1.2865325895
  -2.0043935305    4.7793855405    1.2865325895
  -1.2166941132    5.2032516253    0.3242073065
  -2.2580150871    5.2032516253    0.3242073065
  -1.2166941132    5.2032516253   -0.7438931764
  -2.2580150871    5.2032516253   -0.7438931764
  -0.9578717150    4.6289184192   -1.7062184594
  -2.0043935305    4.7793855405   -1.7062184594
  -4.2496037750    3.7561459436   -1.7573656295
  -4.8988567827    2.9420084228   -1.7573656295
  -5.1305724983    1.9267955399   -1.7573656295
  -4.8988567827    0.9115826569   -1.7573656295
  -3.0577844395    3.7840920965   -2.7196909124
  -4.0195232813    3.3448806841   -2.7196909124
  -4.5911338627    2.4554372580   -2.7196909124
  -4.5911338627    1.3981538217   -2.7196909124
  -4.0195232813    0.5087103956   -2.7196909124
  -1.7494245352    1.9267955399   -3.3856406710
  -2.2700850222    2.8286059567   -3.3856406710
  -3.3114059960    2.8286059567   -3.3856406710
  -3.8320664830    1.9267955399   -3.3856406710
  -3.3114059960    1.0249851230   -3.3856406710
  -2.2700850222    1.0249851230   -3.3856406710
  -2.7907455091    1.9267955399   -3.6233153880
  -2.1287312360   -2.8869640227    3.1203339632
  -1.6080707491   -1.9851536058    2.8826592462
  -2.6493917229   -1.9851536058    2.8826592462
  -3.1700522099   -2.8869640227    2.8826592462
  -2.6493917229   -3.7887744396    2.8826592462
  -1.6080707491   -3.7887744396    2.8826592462
  -3.9291195895   -2.3583223045    2.2167094876
  -3.9291195895   -3.4156057409    2.2167094876
  -3.3575090082   -4.3050491669    2.2167094876
  -2.3957701664   -4.7442605794    2.2167094876
  -4.4685582252   -2.8869640227    1.2543842047
  -4.2368425096   -3.9021769057    1.2543842047
  -3.5875895019   -4.7163144264    1.2543842047
  -2.6493917229   -5.1681266642    1.2543842047
  -4.2368425096   -3.9021769057    0.1862837217
  -4.2709782763   -2.9316233450   -1.5568243643
  -4.0392625607   -3.9468362280   -1.5568243643
  -3.3900095530   -4.7609737487   -1.5568243643
  -2.4518117740   -5.2127859865   -1.5568243643
  -3.7315396406   -2.4029816268   -2.5191496473
  -3.7315396406   -3.4602650632   -2.5191496473
  -3.1599290593   -4.3497084892   -2.5191496473
  -2.1981902175   -4.7889199017   -2.5191496473
  -1.1516684020   -4.6384527804   -2.5191496473
  -0.8898303132   -2.9316233450   -3.1850994058
  -1.4104908002   -2.0298129281   -3.1850994058
  -2.4518117740   -2.0298129281   -3.1850994058
  -2.9724722610   -2.9316233450   -3.1850994058
  -2.4518117740   -3.8334337619   -3.1850994058
  -1.4104908002   -3.8334337619   -3.1850994058
  -1.9311512871   -2.9316233450   -3.4227741228
  -0.0878812134   -4.3671767128    2.1861278339
  -0.8755806307   -5.3226628527    1.5201780754
   0.1709411847   -5.1721957314    1.5201780754
  -1.1292021873   -5.7465289375    0.5578527925
  -0.0878812134   -5.7465289375    0.5578527925
   0.8503165655   -5.2947166997    0.5578527925
  -1.1292021873   -5.7465289375   -0.5102476905
  -0.0878812134   -5.7465289375   -0.5102476905
   0.8503165655   -5.2947166997   -0.5102476905
   0.1709411847   -5.1721957314   -1.4725729735
   0.9699826917   -4.4798223243   -1.4725729735
